0 0.26189999999999997 0.18730978260869566 0.026183333333333336 0.025244565217391303
0 0.30951666666666666 0.18293478260869564 0.029766666666666667 0.028152173913043477
0 0.6836333333333333 0.31978260869565217 0.0244 0.033967391304347824
0 0.7300666666666668 0.33095108695652176 0.0244 0.03105978260869565
0 0.9907666666666667 0.06114130434782609 0.01845 0.025244565217391303
0 0.7702333333333333 0.08442934782608695 0.01785 0.02910326086956522
0 0.51935 0.014076086956521738 0.017266666666666666 0.01845108695652174
0 0.5003 0.011657608695652175 0.0125 0.015516304347826087
0 0.02826666666666667 0.04657608695652174 0.017266666666666666 0.025244565217391303
0 0.78935 0.08983695652173913 0.012033333333333333 0.028695652173913046
0 0.2578666666666667 0.04603260869565218 0.015733333333333332 0.025652173913043478